45.6 10.8 1.2 0
81.6 15.6 1.2 0
262.8 16.8 1.2 0
78 24 1.2 0
242.4 24 1.2 0
106.8 25.2 1.2 0
121.2 25.2 1.2 0
211.2 30 1.2 0
249.6 32.4 1.2 0
181.2 33.6 1.2 0
121.2 38.4 1.2 0
111.6 39.6 1.2 0
204 40.8 1.2 0
62.4 44.4 1.2 0
267.6 45.6 1.2 0
183.6 48 1.2 0
193.2 48 1.2 0
46.8 49.2 1.2 0
103.2 51.6 1.2 0
220.8 54 1.2 0
115.2 63.6 1.2 0
150 64.8 1.2 0
93.6 66 1.2 0
183.6 67.2 1.2 0
76.8 69.6 1.2 0
133.2 70.8 1.2 0
237.6 72 1.2 0
99.6 73.2 1.2 0
19.2 76.8 1.2 0
165.6 81.6 1.2 0
60 82.8 1.2 0
210 82.8 1.2 0
274.8 82.8 1.2 0
186 84 1.2 0
224.4 84 1.2 0
74.4 87.6 1.2 0
64.8 88.8 1.2 0
46.8 91.2 1.2 0
118.8 93.6 1.2 0
200.4 93.6 1.2 0
148.8 94.8 1.2 0
199.2 99.6 1.2 0
147.6 100.8 1.2 0
92.4 105.6 1.2 0
75.6 111.6 1.2 0
73.2 114 1.2 0
56.4 120 1.2 0
217.2 121.2 1.2 0
223.2 121.2 1.2 0
91.2 123.6 1.2 0
150 123.6 1.2 0
234 123.6 1.2 0
78 124.8 1.2 0
200.4 124.8 1.2 0
133.2 127.2 1.2 0
122.4 128.4 1.2 0
33.6 129.6 1.2 0
102 130.8 1.2 0
78 135.6 1.2 0
96 135.6 1.2 0
277.2 136.8 1.2 0
141.6 141.6 1.2 0
199.2 141.6 1.2 0
242.4 141.6 1.2 0
145.2 142.8 1.2 0
262.8 148.8 1.2 0
22.8 152.4 1.2 0
81.6 152.4 1.2 0
219.6 153.6 1.2 0
91.2 156 1.2 0
133.2 157.2 1.2 0
224.4 158.4 1.2 0
25.2 162 1.2 0
140.4 166.8 1.2 0
265.2 166.8 1.2 0
75.6 169.2 1.2 0
100.8 169.2 1.2 0
234 171.6 1.2 0
81.6 172.8 1.2 0
162 172.8 1.2 0
205.2 172.8 1.2 0
12 175.2 1.2 0
91.2 176.4 1.2 0
116.4 176.4 1.2 0
252 176.4 1.2 0
46.8 177.6 1.2 0
261.6 180 1.2 0
278.4 181.2 1.2 0
177.6 187.2 1.2 0
39.6 189.6 1.2 0
212.4 189.6 1.2 0
225.6 189.6 1.2 0
238.8 189.6 1.2 0
249.6 192 1.2 0
277.2 193.2 1.2 0
217.2 195.6 1.2 0
84 199.2 1.2 0
141.6 199.2 1.2 0
188.4 201.6 1.2 0
212.4 205.2 1.2 0
166.8 206.4 1.2 0
62.4 210 1.2 0
76.8 211.2 1.2 0
84 212.4 1.2 0
157.2 213.6 1.2 0
231.6 213.6 1.2 0
169.2 217.2 1.2 0
129.6 218.4 1.2 0
94.8 220.8 1.2 0
162 223.2 1.2 0
126 226.8 1.2 0
31.2 228 1.2 0
69.6 231.6 1.2 0
204 231.6 1.2 0
81.6 235.2 1.2 0
255.6 236.4 1.2 0
246 237.6 1.2 0
144 238.8 1.2 0
40.8 240 1.2 0
224.4 241.2 1.2 0
102 242.4 1.2 0
127.2 247.2 1.2 0
27.6 249.6 1.2 0
87.6 254.4 1.2 0
142.8 254.4 1.2 0
165.6 255.6 1.2 0
72 256.8 1.2 0
102 260.4 1.2 0
210 261.6 1.2 0
90 266.4 1.2 0
204 266.4 1.2 0
103.2 268.8 1.2 0
76.8 272.4 1.2 0
175.2 272.4 1.2 0
223.2 273.6 1.2 0
166.8 276 1.2 0
28.8 277.2 1.2 0
43.2 277.2 1.2 0
134.4 279.6 1.2 0
82.8 282 1.2 0
16.8 283.2 1.2 0
132 283.2 1.2 0
105.6 284.4 1.2 0
147.6 284.4 1.2 0
236.4 286.8 1.2 0
46.8 289.2 1.2 0
254.4 289.2 1.2 0
244.8 290.4 1.2 0
163.2 291.6 1.2 0
37.2 294 1.2 0
278.4 295.2 1.2 0
52.8 297.6 1.2 0
220.8 298.8 1.2 0
104.4 302.4 1.2 0
27.6 304.8 1.2 0
49.2 304.8 1.2 0
243.6 304.8 1.2 0
19.2 308.4 1.2 0
33.6 308.4 1.2 0
139.2 310.8 1.2 0
50.4 313.2 1.2 0
188.4 314.4 1.2 0
243.6 314.4 1.2 0
199.2 315.6 1.2 0
34.8 318 1.2 0
105.6 321.6 1.2 0
260.4 321.6 1.2 0
238.8 322.8 1.2 0
276 322.8 1.2 0
279.6 322.8 1.2 0
129.6 324 1.2 0
170.4 324 1.2 0
40.8 325.2 1.2 0
228 331.2 1.2 0
46.08 11.52 1.44 0
223.2 21.6 1.44 0
141.12 24.48 1.44 0
211.68 30.24 1.44 0
204.48 40.32 1.44 0
279.36 41.76 1.44 0
61.92 44.64 1.44 0
241.92 44.64 1.44 0
47.52 48.96 1.44 0
182.88 48.96 1.44 0
125.28 54.72 1.44 0
102.24 56.16 1.44 0
203.04 61.92 1.44 0
236.16 63.36 1.44 0
168.48 66.24 1.44 0
93.6 67.68 1.44 0
174.24 69.12 1.44 0
241.92 69.12 1.44 0
76.32 70.56 1.44 0
100.8 74.88 1.44 0
30.24 76.32 1.44 0
234.72 79.2 1.44 0
60.48 83.52 1.44 0
210.24 83.52 1.44 0
74.88 87.84 1.44 0
64.8 89.28 1.44 0
46.08 90.72 1.44 0
148.32 95.04 1.44 0
217.44 95.04 1.44 0
125.28 97.92 1.44 0
223.2 97.92 1.44 0
236.16 100.8 1.44 0
197.28 105.12 1.44 0
70.56 106.56 1.44 0
227.52 109.44 1.44 0
92.16 123.84 1.44 0
234.72 123.84 1.44 0
60.48 125.28 1.44 0
154.08 125.28 1.44 0
77.76 135.36 1.44 0
95.04 135.36 1.44 0
211.68 138.24 1.44 0
142.56 141.12 1.44 0
172.8 141.12 1.44 0
200.16 142.56 1.44 0
66.24 149.76 1.44 0
262.08 149.76 1.44 0
80.64 151.2 1.44 0
12.96 152.64 1.44 0
23.04 152.64 1.44 0
243.36 152.64 1.44 0
108 158.4 1.44 0
92.16 161.28 1.44 0
141.12 167.04 1.44 0
184.32 167.04 1.44 0
264.96 167.04 1.44 0
76.32 169.92 1.44 0
100.8 169.92 1.44 0
132.48 169.92 1.44 0
21.6 171.36 1.44 0
233.28 171.36 1.44 0
12.96 174.24 1.44 0
46.08 177.12 1.44 0
118.08 177.12 1.44 0
252 177.12 1.44 0
262.08 180 1.44 0
277.92 181.44 1.44 0
20.16 187.2 1.44 0
90.72 188.64 1.44 0
182.88 188.64 1.44 0
185.76 190.08 1.44 0
213.12 190.08 1.44 0
250.56 192.96 1.44 0
148.32 194.4 1.44 0
276.48 194.4 1.44 0
99.36 195.84 1.44 0
156.96 200.16 1.44 0
142.56 204.48 1.44 0
167.04 205.92 1.44 0
61.92 210.24 1.44 0
83.52 211.68 1.44 0
240.48 214.56 1.44 0
169.92 217.44 1.44 0
203.04 221.76 1.44 0
126.72 226.08 1.44 0
231.84 226.08 1.44 0
239.04 226.08 1.44 0
30.24 228.96 1.44 0
70.56 231.84 1.44 0
188.64 231.84 1.44 0
82.08 234.72 1.44 0
218.88 236.16 1.44 0
254.88 236.16 1.44 0
272.16 236.16 1.44 0
174.24 237.6 1.44 0
139.68 239.04 1.44 0
144 239.04 1.44 0
100.8 241.92 1.44 0
256.32 244.8 1.44 0
27.36 249.12 1.44 0
11.52 250.56 1.44 0
142.56 253.44 1.44 0
259.2 253.44 1.44 0
165.6 256.32 1.44 0
217.44 256.32 1.44 0
224.64 264.96 1.44 0
90.72 266.4 1.44 0
204.48 266.4 1.44 0
103.68 267.84 1.44 0
76.32 272.16 1.44 0
21.6 273.6 1.44 0
168.48 275.04 1.44 0
28.8 277.92 1.44 0
133.92 279.36 1.44 0
158.4 279.36 1.44 0
207.36 279.36 1.44 0
178.56 280.8 1.44 0
243.36 282.24 1.44 0
105.12 283.68 1.44 0
132.48 283.68 1.44 0
148.32 285.12 1.44 0
228.96 288 1.44 0
48.96 289.44 1.44 0
244.8 290.88 1.44 0
220.32 298.08 1.44 0
162.72 300.96 1.44 0
103.68 302.4 1.44 0
20.16 303.84 1.44 0
243.36 305.28 1.44 0
237.6 308.16 1.44 0
33.12 309.6 1.44 0
198.72 315.36 1.44 0
241.92 315.36 1.44 0
230.4 316.8 1.44 0
34.56 318.24 1.44 0
106.56 321.12 1.44 0
239.04 322.56 1.44 0
279.36 322.56 1.44 0
171.36 324 1.44 0
228.96 331.2 1.44 0
216 17.28 1.728 0
15.552 20.736 1.728 0
222.912 22.464 1.728 0
141.696 24.192 1.728 0
241.92 24.192 1.728 0
107.136 25.92 1.728 0
120.96 25.92 1.728 0
122.688 32.832 1.728 0
112.32 38.016 1.728 0
100.224 41.472 1.728 0
62.208 44.928 1.728 0
241.92 44.928 1.728 0
46.656 48.384 1.728 0
101.952 50.112 1.728 0
101.952 55.296 1.728 0
124.416 55.296 1.728 0
152.064 55.296 1.728 0
278.208 58.752 1.728 0
72.576 62.208 1.728 0
115.776 63.936 1.728 0
148.608 63.936 1.728 0
93.312 67.392 1.728 0
169.344 67.392 1.728 0
133.056 70.848 1.728 0
222.912 70.848 1.728 0
65.664 74.304 1.728 0
31.104 76.032 1.728 0
235.008 79.488 1.728 0
274.752 82.944 1.728 0
65.664 88.128 1.728 0
276.48 88.128 1.728 0
46.656 89.856 1.728 0
86.4 93.312 1.728 0
148.608 95.04 1.728 0
217.728 95.04 1.728 0
222.912 98.496 1.728 0
44.928 100.224 1.728 0
236.736 100.224 1.728 0
224.64 103.68 1.728 0
70.848 107.136 1.728 0
255.744 120.96 1.728 0
91.584 124.416 1.728 0
235.008 124.416 1.728 0
25.92 129.6 1.728 0
34.56 129.6 1.728 0
179.712 129.6 1.728 0
76.032 134.784 1.728 0
93.312 136.512 1.728 0
276.48 136.512 1.728 0
141.696 141.696 1.728 0
29.376 143.424 1.728 0
250.56 146.88 1.728 0
262.656 148.608 1.728 0
67.392 150.336 1.728 0
143.424 150.336 1.728 0
13.824 152.064 1.728 0
243.648 152.064 1.728 0
22.464 153.792 1.728 0
202.176 155.52 1.728 0
108.864 158.976 1.728 0
264.384 158.976 1.728 0
117.504 162.432 1.728 0
184.896 165.888 1.728 0
141.696 167.616 1.728 0
266.112 167.616 1.728 0
62.208 169.344 1.728 0
20.736 171.072 1.728 0
100.224 171.072 1.728 0
172.8 174.528 1.728 0
252.288 177.984 1.728 0
36.288 179.712 1.728 0
88.128 179.712 1.728 0
262.656 179.712 1.728 0
276.48 179.712 1.728 0
20.736 186.624 1.728 0
224.64 190.08 1.728 0
55.296 191.808 1.728 0
186.624 191.808 1.728 0
250.56 191.808 1.728 0
74.304 193.536 1.728 0
276.48 193.536 1.728 0
98.496 195.264 1.728 0
39.744 198.72 1.728 0
143.424 203.904 1.728 0
167.616 205.632 1.728 0
60.48 210.816 1.728 0
82.944 212.544 1.728 0
129.6 212.544 1.728 0
155.52 212.544 1.728 0
243.648 212.544 1.728 0
255.744 212.544 1.728 0
141.696 214.272 1.728 0
169.344 216 1.728 0
44.928 217.728 1.728 0
160.704 221.184 1.728 0
126.144 226.368 1.728 0
231.552 226.368 1.728 0
243.648 228.096 1.728 0
84.672 233.28 1.728 0
245.376 236.736 1.728 0
143.424 238.464 1.728 0
228.096 241.92 1.728 0
257.472 245.376 1.728 0
200.448 248.832 1.728 0
88.128 250.56 1.728 0
127.872 252.288 1.728 0
224.64 264.384 1.728 0
89.856 266.112 1.728 0
169.344 266.112 1.728 0
152.064 267.84 1.728 0
205.632 267.84 1.728 0
274.752 269.568 1.728 0
174.528 271.296 1.728 0
22.464 273.024 1.728 0
76.032 273.024 1.728 0
134.784 278.208 1.728 0
259.2 278.208 1.728 0
158.976 279.936 1.728 0
243.648 281.664 1.728 0
266.112 281.664 1.728 0
105.408 285.12 1.728 0
146.88 285.12 1.728 0
17.28 290.304 1.728 0
34.56 290.304 1.728 0
245.376 290.304 1.728 0
278.208 293.76 1.728 0
20.736 304.128 1.728 0
70.848 305.856 1.728 0
264.384 309.312 1.728 0
184.896 312.768 1.728 0
107.136 321.408 1.728 0
127.872 323.136 1.728 0
148.608 323.136 1.728 0
171.072 323.136 1.728 0
238.464 323.136 1.728 0
230.17 24.8832 2.0736 0
89.1648 26.9568 2.0736 0
105.754 26.9568 2.0736 0
122.342 26.9568 2.0736 0
182.477 35.2512 2.0736 0
111.974 39.3984 2.0736 0
230.17 41.472 2.0736 0
33.1776 43.5456 2.0736 0
62.208 43.5456 2.0736 0
242.611 43.5456 2.0736 0
82.944 45.6192 2.0736 0
101.606 49.7664 2.0736 0
103.68 55.9872 2.0736 0
124.416 55.9872 2.0736 0
238.464 62.208 2.0736 0
180.403 66.3552 2.0736 0
93.312 68.4288 2.0736 0
170.035 68.4288 2.0736 0
22.8096 70.5024 2.0736 0
132.71 70.5024 2.0736 0
221.875 70.5024 2.0736 0
64.2816 74.6496 2.0736 0
101.606 76.7232 2.0736 0
213.581 80.8704 2.0736 0
273.715 82.944 2.0736 0
74.6496 87.0912 2.0736 0
45.6192 89.1648 2.0736 0
201.139 91.2384 2.0736 0
85.0176 93.312 2.0736 0
149.299 95.3856 2.0736 0
217.728 95.3856 2.0736 0
223.949 103.68 2.0736 0
70.5024 107.827 2.0736 0
141.005 116.122 2.0736 0
51.84 118.195 2.0736 0
257.126 122.342 2.0736 0
180.403 130.637 2.0736 0
269.568 134.784 2.0736 0
161.741 138.931 2.0736 0
211.507 138.931 2.0736 0
143.078 141.005 2.0736 0
261.274 149.299 2.0736 0
143.078 151.373 2.0736 0
143.078 165.888 2.0736 0
178.33 165.888 2.0736 0
184.55 165.888 2.0736 0
267.494 167.962 2.0736 0
78.7968 170.035 2.0736 0
45.6192 178.33 2.0736 0
250.906 178.33 2.0736 0
37.3248 180.403 2.0736 0
275.789 180.403 2.0736 0
215.654 184.55 2.0736 0
250.906 190.771 2.0736 0
53.9136 192.845 2.0736 0
99.5328 194.918 2.0736 0
143.078 203.213 2.0736 0
167.962 205.286 2.0736 0
248.832 205.286 2.0736 0
60.1344 211.507 2.0736 0
242.611 211.507 2.0736 0
82.944 213.581 2.0736 0
143.078 213.581 2.0736 0
232.243 215.654 2.0736 0
45.6192 217.728 2.0736 0
203.213 221.875 2.0736 0
126.49 226.022 2.0736 0
230.17 226.022 2.0736 0
186.624 232.243 2.0736 0
244.685 234.317 2.0736 0
145.152 238.464 2.0736 0
101.606 242.611 2.0736 0
228.096 242.611 2.0736 0
201.139 248.832 2.0736 0
128.563 252.979 2.0736 0
217.728 257.126 2.0736 0
226.022 263.347 2.0736 0
101.606 267.494 2.0736 0
151.373 267.494 2.0736 0
205.286 267.494 2.0736 0
157.594 269.568 2.0736 0
76.7232 271.642 2.0736 0
134.784 277.862 2.0736 0
259.2 277.862 2.0736 0
105.754 284.083 2.0736 0
147.226 284.083 2.0736 0
16.5888 288.23 2.0736 0
35.2512 292.378 2.0736 0
20.736 304.819 2.0736 0
70.5024 304.819 2.0736 0
238.464 308.966 2.0736 0
265.421 308.966 2.0736 0
138.931 311.04 2.0736 0
184.55 313.114 2.0736 0
217.728 313.114 2.0736 0
172.109 315.187 2.0736 0
33.1776 317.261 2.0736 0
107.827 321.408 2.0736 0
128.563 323.482 2.0736 0
206.531 22.3949 2.48832 0
89.5795 27.3715 2.48832 0
106.998 27.3715 2.48832 0
121.928 27.3715 2.48832 0
49.7664 34.8365 2.48832 0
231.414 42.3014 2.48832 0
241.367 44.7898 2.48832 0
84.6029 47.2781 2.48832 0
184.136 49.7664 2.48832 0
124.416 54.743 2.48832 0
104.509 57.2314 2.48832 0
151.788 57.2314 2.48832 0
248.832 57.2314 2.48832 0
72.1613 62.208 2.48832 0
94.5562 67.1846 2.48832 0
169.206 67.1846 2.48832 0
221.46 69.673 2.48832 0
24.8832 72.1613 2.48832 0
201.554 89.5795 2.48832 0
218.972 94.5562 2.48832 0
149.299 97.0445 2.48832 0
121.928 99.5328 2.48832 0
47.2781 109.486 2.48832 0
141.834 114.463 2.48832 0
144.323 151.788 2.48832 0
24.8832 159.252 2.48832 0
179.159 166.717 2.48832 0
196.577 169.206 2.48832 0
268.739 169.206 2.48832 0
99.5328 171.694 2.48832 0
171.694 171.694 2.48832 0
251.32 179.159 2.48832 0
37.3248 181.647 2.48832 0
223.949 189.112 2.48832 0
52.2547 191.601 2.48832 0
248.832 191.601 2.48832 0
114.463 201.554 2.48832 0
144.323 201.554 2.48832 0
166.717 204.042 2.48832 0
72.1613 206.531 2.48832 0
82.1146 213.996 2.48832 0
231.414 216.484 2.48832 0
44.7898 218.972 2.48832 0
201.554 223.949 2.48832 0
126.904 226.437 2.48832 0
231.414 226.437 2.48832 0
54.743 228.925 2.48832 0
87.0912 233.902 2.48832 0
174.182 238.879 2.48832 0
233.902 241.367 2.48832 0
102.021 243.855 2.48832 0
246.344 243.855 2.48832 0
201.554 248.832 2.48832 0
62.208 256.297 2.48832 0
226.437 263.762 2.48832 0
102.021 266.25 2.48832 0
169.206 266.25 2.48832 0
206.531 266.25 2.48832 0
236.39 266.25 2.48832 0
151.788 268.739 2.48832 0
134.369 278.692 2.48832 0
52.2547 286.157 2.48832 0
106.998 286.157 2.48832 0
39.8131 288.645 2.48832 0
223.949 293.622 2.48832 0
22.3949 303.575 2.48832 0
69.673 303.575 2.48832 0
104.509 303.575 2.48832 0
238.879 308.552 2.48832 0
266.25 308.552 2.48832 0
139.346 311.04 2.48832 0
171.694 316.017 2.48832 0
126.904 323.482 2.48832 0
233.902 323.482 2.48832 0
221.46 325.97 2.48832 0
229.921 23.8879 2.98598 0
107.495 26.8739 2.98598 0
122.425 26.8739 2.98598 0
47.7757 35.8318 2.98598 0
62.7057 41.8038 2.98598 0
229.921 41.8038 2.98598 0
83.6076 47.7757 2.98598 0
104.509 56.7337 2.98598 0
152.285 56.7337 2.98598 0
247.837 56.7337 2.98598 0
241.865 59.7197 2.98598 0
74.6496 62.7057 2.98598 0
23.8879 65.6916 2.98598 0
179.159 65.6916 2.98598 0
170.201 68.6776 2.98598 0
214.991 80.6216 2.98598 0
44.7898 89.5795 2.98598 0
203.047 89.5795 2.98598 0
122.425 98.5375 2.98598 0
149.299 98.5375 2.98598 0
238.879 98.5375 2.98598 0
44.7898 110.481 2.98598 0
74.6496 122.425 2.98598 0
137.355 122.425 2.98598 0
235.893 125.411 2.98598 0
262.767 125.411 2.98598 0
26.8739 131.383 2.98598 0
179.159 131.383 2.98598 0
44.7898 134.369 2.98598 0
250.823 143.327 2.98598 0
23.8879 158.257 2.98598 0
62.7057 161.243 2.98598 0
179.159 167.215 2.98598 0
197.075 170.201 2.98598 0
98.5375 173.187 2.98598 0
250.823 179.159 2.98598 0
38.8178 182.145 2.98598 0
250.823 188.117 2.98598 0
50.7617 191.103 2.98598 0
98.5375 194.089 2.98598 0
41.8038 197.075 2.98598 0
146.313 203.047 2.98598 0
167.215 203.047 2.98598 0
247.837 209.019 2.98598 0
44.7898 220.963 2.98598 0
86.5935 232.907 2.98598 0
65.6916 235.893 2.98598 0
173.187 238.879 2.98598 0
26.8739 253.809 2.98598 0
62.7057 256.795 2.98598 0
134.369 256.795 2.98598 0
226.935 262.767 2.98598 0
101.523 265.753 2.98598 0
80.6216 268.739 2.98598 0
158.257 268.739 2.98598 0
134.369 277.697 2.98598 0
223.949 292.626 2.98598 0
158.257 298.598 2.98598 0
238.879 307.556 2.98598 0
265.753 307.556 2.98598 0
137.355 310.542 2.98598 0
32.8458 313.528 2.98598 0
173.187 316.514 2.98598 0
107.495 322.486 2.98598 0
107.495 28.6654 3.58318 0
121.828 28.6654 3.58318 0
50.1645 35.8318 3.58318 0
28.6654 39.415 3.58318 0
229.324 42.9982 3.58318 0
125.411 53.7477 3.58318 0
75.2468 60.9141 3.58318 0
204.241 60.9141 3.58318 0
179.159 64.4973 3.58318 0
46.5814 89.5795 3.58318 0
240.073 96.7459 3.58318 0
121.828 100.329 3.58318 0
150.494 100.329 3.58318 0
75.2468 121.828 3.58318 0
136.161 121.828 3.58318 0
236.49 125.411 3.58318 0
179.159 132.578 3.58318 0
42.9982 136.161 3.58318 0
143.327 136.161 3.58318 0
197.075 168.409 3.58318 0
100.329 171.993 3.58318 0
132.578 182.742 3.58318 0
250.823 182.742 3.58318 0
168.409 200.658 3.58318 0
146.91 204.241 3.58318 0
186.325 211.408 3.58318 0
232.907 225.74 3.58318 0
200.658 229.324 3.58318 0
28.6654 254.406 3.58318 0
136.161 257.989 3.58318 0
225.74 261.572 3.58318 0
100.329 265.155 3.58318 0
132.578 275.905 3.58318 0
204.241 275.905 3.58318 0
240.073 308.154 3.58318 0
171.993 315.32 3.58318 0
124.695 55.8976 4.29982 0
103.196 60.1974 4.29982 0
202.091 60.1974 4.29982 0
184.892 73.0969 4.29982 0
81.6965 94.596 4.29982 0
120.395 98.8958 4.29982 0
150.494 98.8958 4.29982 0
240.79 98.8958 4.29982 0
73.0969 120.395 4.29982 0
176.292 133.294 4.29982 0
42.9982 137.594 4.29982 0
197.792 171.993 4.29982 0
98.8958 176.292 4.29982 0
133.294 184.892 4.29982 0
47.298 193.492 4.29982 0
184.892 214.991 4.29982 0
249.389 245.09 4.29982 0
202.091 275.188 4.29982 0
232.19 46.438 5.15978 0
82.5565 98.0358 5.15978 0
149.634 98.0358 5.15978 0
242.51 98.0358 5.15978 0
61.9174 108.355 5.15978 0
46.438 134.154 5.15978 0
175.433 134.154 5.15978 0
196.072 170.273 5.15978 0
98.0358 175.433 5.15978 0
113.515 201.231 5.15978 0
232.19 221.871 5.15978 0
82.5565 237.35 5.15978 0
216.711 263.149 5.15978 0
201.231 278.628 5.15978 0
105.26 61.9174 6.19174 0
241.478 92.876 6.19174 0
80.4926 99.0678 6.19174 0
148.602 99.0678 6.19174 0
55.7256 111.451 6.19174 0
160.985 160.985 6.19174 0
191.944 173.369 6.19174 0
111.451 185.752 6.19174 0
117.643 198.136 6.19174 0
229.094 222.903 6.19174 0
61.9174 241.478 6.19174 0
160.985 266.245 6.19174 0
216.711 266.245 6.19174 0
49.5339 278.628 6.19174 0
59.4407 111.451 7.43008 0
156.032 163.462 7.43008 0
126.311 200.612 7.43008 0
213.986 106.993 8.9161 0
149.79 106.993 10.6993 0
