204 18 1.2 0
222 19.2 1.2 0
189.6 22.8 1.2 0
188.4 32.4 1.2 0
225.6 34.8 1.2 0
218.4 39.6 1.2 0
222 39.6 1.2 0
219.6 44.4 1.2 0
230.4 44.4 1.2 0
164.4 49.2 1.2 0
258 54 1.2 0
176.4 57.6 1.2 0
270 58.8 1.2 0
250.8 68.4 1.2 0
280.8 70.8 1.2 0
74.4 74.4 1.2 0
202.8 75.6 1.2 0
199.2 76.8 1.2 0
235.2 76.8 1.2 0
129.6 79.2 1.2 0
277.2 79.2 1.2 0
315.6 81.6 1.2 0
183.6 82.8 1.2 0
303.6 92.4 1.2 0
117.6 94.8 1.2 0
255.6 94.8 1.2 0
320.4 94.8 1.2 0
302.4 102 1.2 0
105.6 104.4 1.2 0
315.6 105.6 1.2 0
279.6 108 1.2 0
182.4 110.4 1.2 0
260.4 110.4 1.2 0
332.4 110.4 1.2 0
346.8 110.4 1.2 0
99.6 111.6 1.2 0
315.6 112.8 1.2 0
194.4 114 1.2 0
364.8 116.4 1.2 0
74.4 117.6 1.2 0
265.2 117.6 1.2 0
217.2 120 1.2 0
109.2 122.4 1.2 0
75.6 123.6 1.2 0
92.4 123.6 1.2 0
265.2 124.8 1.2 0
283.2 124.8 1.2 0
324 124.8 1.2 0
278.4 127.2 1.2 0
56.4 129.6 1.2 0
133.2 130.8 1.2 0
160.8 133.2 1.2 0
236.4 133.2 1.2 0
321.6 133.2 1.2 0
63.6 134.4 1.2 0
129.6 134.4 1.2 0
308.4 136.8 1.2 0
272.4 138 1.2 0
73.2 139.2 1.2 0
163.2 141.6 1.2 0
210 141.6 1.2 0
220.8 141.6 1.2 0
94.8 145.2 1.2 0
206.4 145.2 1.2 0
157.2 146.4 1.2 0
200.4 150 1.2 0
246 153.6 1.2 0
49.2 154.8 1.2 0
321.6 154.8 1.2 0
267.6 157.2 1.2 0
166.8 160.8 1.2 0
224.4 160.8 1.2 0
231.6 162 1.2 0
152.4 163.2 1.2 0
48 164.4 1.2 0
109.2 166.8 1.2 0
249.6 170.4 1.2 0
208.8 171.6 1.2 0
319.2 171.6 1.2 0
291.6 175.2 1.2 0
226.8 180 1.2 0
52.8 182.4 1.2 0
250.8 182.4 1.2 0
62.4 183.6 1.2 0
67.2 183.6 1.2 0
274.8 184.8 1.2 0
343.2 184.8 1.2 0
232.8 186 1.2 0
156 187.2 1.2 0
216 188.4 1.2 0
362.4 188.4 1.2 0
27.6 189.6 1.2 0
224.4 189.6 1.2 0
312 190.8 1.2 0
337.2 190.8 1.2 0
55.2 192 1.2 0
68.4 193.2 1.2 0
303.6 193.2 1.2 0
285.6 194.4 1.2 0
264 199.2 1.2 0
363.6 201.6 1.2 0
132 205.2 1.2 0
262.8 205.2 1.2 0
44.4 206.4 1.2 0
52.8 208.8 1.2 0
232.8 208.8 1.2 0
151.2 212.4 1.2 0
342 212.4 1.2 0
194.4 218.4 1.2 0
208.8 218.4 1.2 0
228 222 1.2 0
342 222 1.2 0
300 223.2 1.2 0
285.6 225.6 1.2 0
328.8 225.6 1.2 0
68.4 226.8 1.2 0
186 226.8 1.2 0
265.2 229.2 1.2 0
340.8 229.2 1.2 0
106.8 232.8 1.2 0
220.8 232.8 1.2 0
94.8 235.2 1.2 0
44.4 236.4 1.2 0
127.2 236.4 1.2 0
195.6 236.4 1.2 0
253.2 236.4 1.2 0
79.2 237.6 1.2 0
13.2 238.8 1.2 0
214.8 241.2 1.2 0
324 241.2 1.2 0
99.6 242.4 1.2 0
110.4 242.4 1.2 0
253.2 243.6 1.2 0
39.6 244.8 1.2 0
156 246 1.2 0
267.6 246 1.2 0
289.2 247.2 1.2 0
356.4 249.6 1.2 0
96 250.8 1.2 0
190.8 250.8 1.2 0
115.2 253.2 1.2 0
123.6 254.4 1.2 0
34.8 255.6 1.2 0
333.6 255.6 1.2 0
68.4 256.8 1.2 0
98.4 256.8 1.2 0
178.8 259.2 1.2 0
196.8 261.6 1.2 0
207.36 12.96 1.44 0
221.76 18.72 1.44 0
226.08 18.72 1.44 0
188.64 33.12 1.44 0
221.76 38.88 1.44 0
151.2 48.96 1.44 0
240.48 50.4 1.44 0
203.04 54.72 1.44 0
210.24 54.72 1.44 0
211.68 57.6 1.44 0
228.96 64.8 1.44 0
267.84 70.56 1.44 0
73.44 74.88 1.44 0
315.36 80.64 1.44 0
182.88 83.52 1.44 0
228.96 83.52 1.44 0
308.16 87.84 1.44 0
325.44 89.28 1.44 0
70.56 92.16 1.44 0
118.08 95.04 1.44 0
256.32 95.04 1.44 0
347.04 110.88 1.44 0
214.56 112.32 1.44 0
246.24 112.32 1.44 0
315.36 112.32 1.44 0
73.44 116.64 1.44 0
364.32 116.64 1.44 0
156.96 118.08 1.44 0
264.96 118.08 1.44 0
185.76 119.52 1.44 0
108 120.96 1.44 0
148.32 120.96 1.44 0
264.96 123.84 1.44 0
283.68 123.84 1.44 0
324 125.28 1.44 0
132.48 129.6 1.44 0
321.12 132.48 1.44 0
263.52 135.36 1.44 0
272.16 136.8 1.44 0
308.16 136.8 1.44 0
324 138.24 1.44 0
73.44 139.68 1.44 0
162.72 141.12 1.44 0
63.36 142.56 1.44 0
103.68 144 1.44 0
95.04 145.44 1.44 0
156.96 145.44 1.44 0
144 148.32 1.44 0
148.32 149.76 1.44 0
181.44 149.76 1.44 0
155.52 152.64 1.44 0
246.24 154.08 1.44 0
322.56 154.08 1.44 0
231.84 155.52 1.44 0
102.24 158.4 1.44 0
167.04 159.84 1.44 0
161.28 161.28 1.44 0
254.88 161.28 1.44 0
152.64 162.72 1.44 0
315.36 162.72 1.44 0
273.6 165.6 1.44 0
292.32 175.68 1.44 0
322.56 178.56 1.44 0
226.08 180 1.44 0
51.84 181.44 1.44 0
250.56 182.88 1.44 0
106.56 185.76 1.44 0
216 187.2 1.44 0
27.36 188.64 1.44 0
73.44 190.08 1.44 0
224.64 190.08 1.44 0
54.72 191.52 1.44 0
266.4 191.52 1.44 0
311.04 191.52 1.44 0
299.52 198.72 1.44 0
263.52 200.16 1.44 0
132.48 204.48 1.44 0
53.28 208.8 1.44 0
342.72 213.12 1.44 0
41.76 217.44 1.44 0
341.28 221.76 1.44 0
44.64 223.2 1.44 0
361.44 223.2 1.44 0
300.96 224.64 1.44 0
329.76 224.64 1.44 0
185.76 226.08 1.44 0
264.96 228.96 1.44 0
339.84 228.96 1.44 0
106.56 233.28 1.44 0
220.32 233.28 1.44 0
95.04 234.72 1.44 0
195.84 236.16 1.44 0
253.44 236.16 1.44 0
64.8 237.6 1.44 0
12.96 239.04 1.44 0
312.48 239.04 1.44 0
324 240.48 1.44 0
109.44 241.92 1.44 0
99.36 243.36 1.44 0
253.44 243.36 1.44 0
40.32 244.8 1.44 0
155.52 246.24 1.44 0
198.72 246.24 1.44 0
267.84 246.24 1.44 0
95.04 252 1.44 0
311.04 254.88 1.44 0
334.08 254.88 1.44 0
44.64 256.32 1.44 0
67.68 256.32 1.44 0
222.912 19.008 1.728 0
190.08 24.192 1.728 0
188.352 32.832 1.728 0
209.088 36.288 1.728 0
160.704 38.016 1.728 0
222.912 38.016 1.728 0
191.808 43.2 1.728 0
152.064 48.384 1.728 0
183.168 57.024 1.728 0
269.568 58.752 1.728 0
229.824 65.664 1.728 0
145.152 69.12 1.728 0
245.376 69.12 1.728 0
152.064 70.848 1.728 0
145.152 76.032 1.728 0
198.72 76.032 1.728 0
293.76 79.488 1.728 0
183.168 82.944 1.728 0
72.576 98.496 1.728 0
190.08 100.224 1.728 0
355.968 100.224 1.728 0
95.04 103.68 1.728 0
105.408 103.68 1.728 0
214.272 110.592 1.728 0
247.104 112.32 1.728 0
364.608 115.776 1.728 0
229.824 117.504 1.728 0
245.376 119.232 1.728 0
108.864 120.96 1.728 0
148.608 120.96 1.728 0
76.032 122.688 1.728 0
93.312 122.688 1.728 0
264.384 124.416 1.728 0
283.392 126.144 1.728 0
324.864 126.144 1.728 0
131.328 129.6 1.728 0
200.448 131.328 1.728 0
79.488 133.056 1.728 0
271.296 136.512 1.728 0
162.432 139.968 1.728 0
63.936 141.696 1.728 0
101.952 143.424 1.728 0
95.04 145.152 1.728 0
323.136 152.064 1.728 0
81.216 153.792 1.728 0
309.312 157.248 1.728 0
217.728 158.976 1.728 0
129.6 162.432 1.728 0
153.792 162.432 1.728 0
293.76 176.256 1.728 0
226.368 179.712 1.728 0
38.016 183.168 1.728 0
248.832 184.896 1.728 0
114.048 186.624 1.728 0
361.152 188.352 1.728 0
55.296 190.08 1.728 0
74.304 190.08 1.728 0
336.96 190.08 1.728 0
309.312 191.808 1.728 0
264.384 200.448 1.728 0
361.152 202.176 1.728 0
352.512 209.088 1.728 0
342.144 212.544 1.728 0
193.536 217.728 1.728 0
44.928 222.912 1.728 0
145.152 222.912 1.728 0
300.672 224.64 1.728 0
186.624 226.368 1.728 0
340.416 228.096 1.728 0
148.608 229.824 1.728 0
264.384 229.824 1.728 0
107.136 233.28 1.728 0
219.456 233.28 1.728 0
43.2 236.736 1.728 0
63.936 236.736 1.728 0
127.872 236.736 1.728 0
195.264 236.736 1.728 0
79.488 238.464 1.728 0
241.92 238.464 1.728 0
13.824 240.192 1.728 0
314.496 240.192 1.728 0
323.136 241.92 1.728 0
39.744 245.376 1.728 0
155.52 245.376 1.728 0
267.84 245.376 1.728 0
288.576 247.104 1.728 0
340.416 247.104 1.728 0
355.968 250.56 1.728 0
119.232 254.016 1.728 0
335.232 255.744 1.728 0
67.392 257.472 1.728 0
221.875 18.6624 2.0736 0
194.918 22.8096 2.0736 0
221.875 39.3984 2.0736 0
192.845 41.472 2.0736 0
176.256 43.5456 2.0736 0
269.568 58.0608 2.0736 0
213.581 64.2816 2.0736 0
230.17 66.3552 2.0736 0
105.754 68.4288 2.0736 0
282.01 68.4288 2.0736 0
151.373 70.5024 2.0736 0
180.403 70.5024 2.0736 0
85.0176 74.6496 2.0736 0
145.152 76.7232 2.0736 0
277.862 85.0176 2.0736 0
306.893 91.2384 2.0736 0
118.195 95.3856 2.0736 0
269.568 97.4592 2.0736 0
354.586 101.606 2.0736 0
105.754 103.68 2.0736 0
95.3856 105.754 2.0736 0
261.274 111.974 2.0736 0
246.758 114.048 2.0736 0
184.55 118.195 2.0736 0
223.949 118.195 2.0736 0
244.685 118.195 2.0736 0
149.299 120.269 2.0736 0
93.312 122.342 2.0736 0
109.901 122.342 2.0736 0
265.421 124.416 2.0736 0
323.482 126.49 2.0736 0
199.066 130.637 2.0736 0
337.997 130.637 2.0736 0
271.642 134.784 2.0736 0
207.36 138.931 2.0736 0
64.2816 141.005 2.0736 0
101.606 143.078 2.0736 0
143.078 147.226 2.0736 0
153.446 153.446 2.0736 0
236.39 155.52 2.0736 0
213.581 157.594 2.0736 0
298.598 157.594 2.0736 0
308.966 157.594 2.0736 0
82.944 159.667 2.0736 0
219.802 159.667 2.0736 0
257.126 159.667 2.0736 0
269.568 159.667 2.0736 0
130.637 163.814 2.0736 0
53.9136 167.962 2.0736 0
319.334 167.962 2.0736 0
292.378 176.256 2.0736 0
348.365 178.33 2.0736 0
226.022 180.403 2.0736 0
26.9568 188.698 2.0736 0
53.9136 188.698 2.0736 0
223.949 190.771 2.0736 0
308.966 192.845 2.0736 0
298.598 196.992 2.0736 0
263.347 201.139 2.0736 0
192.845 217.728 2.0736 0
329.702 226.022 2.0736 0
340.07 226.022 2.0736 0
105.754 232.243 2.0736 0
219.802 232.243 2.0736 0
43.5456 236.39 2.0736 0
194.918 236.39 2.0736 0
80.8704 238.464 2.0736 0
128.563 238.464 2.0736 0
242.611 238.464 2.0736 0
315.187 240.538 2.0736 0
323.482 240.538 2.0736 0
39.3984 244.685 2.0736 0
151.373 244.685 2.0736 0
340.07 248.832 2.0736 0
356.659 250.906 2.0736 0
95.3856 252.979 2.0736 0
118.195 255.053 2.0736 0
335.923 255.053 2.0736 0
176.671 34.8365 2.48832 0
151.788 42.3014 2.48832 0
271.227 59.7197 2.48832 0
151.788 72.1613 2.48832 0
77.1379 77.1379 2.48832 0
121.928 79.6262 2.48832 0
278.692 84.6029 2.48832 0
268.739 97.0445 2.48832 0
104.509 102.021 2.48832 0
353.341 102.021 2.48832 0
97.0445 106.998 2.48832 0
261.274 114.463 2.48832 0
186.624 116.951 2.48832 0
149.299 119.439 2.48832 0
243.855 119.439 2.48832 0
74.6496 121.928 2.48832 0
266.25 124.416 2.48832 0
126.904 126.904 2.48832 0
323.482 126.904 2.48832 0
199.066 129.393 2.48832 0
338.412 131.881 2.48832 0
271.227 134.369 2.48832 0
64.6963 139.346 2.48832 0
159.252 139.346 2.48832 0
206.531 139.346 2.48832 0
144.323 146.811 2.48832 0
154.276 151.788 2.48832 0
174.182 151.788 2.48832 0
323.482 151.788 2.48832 0
213.996 156.764 2.48832 0
308.552 156.764 2.48832 0
84.6029 159.252 2.48832 0
253.809 159.252 2.48832 0
301.087 159.252 2.48832 0
47.2781 161.741 2.48832 0
52.2547 169.206 2.48832 0
348.365 179.159 2.48832 0
54.743 189.112 2.48832 0
223.949 191.601 2.48832 0
34.8365 196.577 2.48832 0
298.598 196.577 2.48832 0
238.879 211.507 2.48832 0
221.46 216.484 2.48832 0
330.947 226.437 2.48832 0
106.998 231.414 2.48832 0
218.972 231.414 2.48832 0
194.089 236.39 2.48832 0
129.393 238.879 2.48832 0
243.855 238.879 2.48832 0
39.8131 243.855 2.48832 0
204.042 251.32 2.48832 0
338.412 251.32 2.48832 0
355.83 251.32 2.48832 0
83.6076 35.8318 2.98598 0
44.7898 41.8038 2.98598 0
149.299 41.8038 2.98598 0
41.8038 59.7197 2.98598 0
244.851 65.6916 2.98598 0
104.509 68.6776 2.98598 0
229.921 68.6776 2.98598 0
152.285 74.6496 2.98598 0
119.439 80.6216 2.98598 0
277.697 83.6076 2.98598 0
268.739 95.5515 2.98598 0
104.509 101.523 2.98598 0
352.346 101.523 2.98598 0
95.5515 107.495 2.98598 0
149.299 116.453 2.98598 0
185.131 116.453 2.98598 0
241.865 119.439 2.98598 0
74.6496 122.425 2.98598 0
92.5655 122.425 2.98598 0
325.472 128.397 2.98598 0
268.739 134.369 2.98598 0
206.033 137.355 2.98598 0
98.5375 143.327 2.98598 0
173.187 146.313 2.98598 0
367.276 146.313 2.98598 0
152.285 152.285 2.98598 0
322.486 152.285 2.98598 0
238.879 158.257 2.98598 0
47.7757 161.243 2.98598 0
346.374 179.159 2.98598 0
337.416 182.145 2.98598 0
53.7477 188.117 2.98598 0
349.36 209.019 2.98598 0
220.963 217.977 2.98598 0
41.8038 220.963 2.98598 0
331.444 226.935 2.98598 0
107.495 229.921 2.98598 0
191.103 232.907 2.98598 0
220.963 232.907 2.98598 0
131.383 238.879 2.98598 0
247.837 238.879 2.98598 0
41.8038 244.851 2.98598 0
286.654 244.851 2.98598 0
175.576 35.8318 3.58318 0
193.492 39.415 3.58318 0
229.324 39.415 3.58318 0
150.494 42.9982 3.58318 0
42.9982 60.9141 3.58318 0
229.324 68.0804 3.58318 0
118.245 78.83 3.58318 0
268.739 96.7459 3.58318 0
354.735 103.912 3.58318 0
186.325 114.662 3.58318 0
68.0804 118.245 3.58318 0
146.91 118.245 3.58318 0
240.073 118.245 3.58318 0
326.069 128.995 3.58318 0
268.739 132.578 3.58318 0
207.824 139.744 3.58318 0
100.329 143.327 3.58318 0
322.486 150.494 3.58318 0
50.1645 161.243 3.58318 0
336.819 182.742 3.58318 0
50.1645 189.909 3.58318 0
243.656 207.824 3.58318 0
351.152 211.408 3.58318 0
333.236 225.74 3.58318 0
222.157 229.324 3.58318 0
128.995 236.49 3.58318 0
247.239 240.073 3.58318 0
42.9982 243.656 3.58318 0
286.654 243.656 3.58318 0
189.192 42.9982 4.29982 0
150.494 73.0969 4.29982 0
322.486 85.9963 4.29982 0
240.79 90.2962 4.29982 0
146.194 116.095 4.29982 0
189.192 116.095 4.29982 0
326.786 128.995 4.29982 0
266.589 133.294 4.29982 0
98.8958 146.194 4.29982 0
51.5978 159.093 4.29982 0
47.298 189.192 4.29982 0
352.585 210.691 4.29982 0
292.388 214.991 4.29982 0
331.086 223.59 4.29982 0
219.291 227.89 4.29982 0
149.634 41.2782 5.15978 0
190.912 46.438 5.15978 0
149.634 77.3967 5.15978 0
319.906 82.5565 5.15978 0
227.03 108.355 5.15978 0
149.634 113.515 5.15978 0
175.433 113.515 5.15978 0
190.912 113.515 5.15978 0
61.9174 118.675 5.15978 0
268.309 134.154 5.15978 0
330.226 134.154 5.15978 0
247.669 159.953 5.15978 0
232.19 175.433 5.15978 0
108.355 190.912 5.15978 0
350.865 211.551 5.15978 0
294.107 216.711 5.15978 0
221.871 227.03 5.15978 0
321.97 86.6843 6.19174 0
148.602 111.451 6.19174 0
191.944 111.451 6.19174 0
61.9174 117.643 6.19174 0
266.245 130.026 6.19174 0
328.162 136.218 6.19174 0
235.286 179.56 6.19174 0
111.451 185.752 6.19174 0
315.779 185.752 6.19174 0
111.451 81.7309 7.43008 0
59.4407 118.881 7.43008 0
267.483 133.742 7.43008 0
148.602 141.172 7.43008 0
230.333 178.322 7.43008 0
312.064 185.752 7.43008 0
106.993 80.2449 8.9161 0
151.574 106.993 8.9161 0
142.658 142.658 8.9161 0
312.064 187.238 8.9161 0
106.993 85.5946 10.6993 0
203.287 181.888 10.6993 0
