74.000000 110.000000 5.739842 0.000000
149.000000 100.000000 5.739842 0.000000
166.000000 173.000000 5.739842 0.000000
168.000000 145.000000 5.739842 0.000000
168.000000 160.000000 5.739842 0.000000
192.000000 121.000000 5.739842 0.000000
200.000000 77.000000 5.739842 0.000000
227.000000 121.000000 5.739842 0.000000
260.000000 135.000000 5.739842 0.000000
138.000000 110.000000 7.231747 0.000000
153.000000 117.000000 7.231747 0.000000
169.000000 158.000000 7.231747 0.000000
170.000000 138.000000 7.231747 0.000000
171.000000 152.000000 7.231747 0.000000
201.000000 101.000000 7.231747 0.000000
203.000000 67.000000 7.231747 0.000000
206.000000 66.000000 7.231747 0.000000
228.000000 122.000000 7.231747 0.000000
245.000000 98.000000 7.231747 0.000000
255.000000 171.000000 7.231747 0.000000
112.000000 55.000000 9.111431 0.000000
187.000000 181.000000 9.111431 0.000000
222.000000 154.000000 9.111431 0.000000
246.000000 99.000000 9.111431 0.000000
253.000000 171.000000 9.111431 0.000000
182.000000 120.000000 11.479683 0.000000
234.000000 154.000000 14.463495 0.000000
116.000000 108.000000 18.222861 0.000000
196.000000 98.000000 18.222861 0.000000
